klsf6ff =        8.131311041 ;
klsf5ff =      -0.7592010591 ;
klsd4ff =        14.21515956 ;
klsf1ff =       -2.594968038 ;
klsd0ff =        4.338313418 ;
klqm16ff =       0.5941329264 ;
klqm15ff =      -0.3190920121 ;
klqm14ff =       -1.113035237 ;
klqm13ff =        1.005019118 ;
klqm12ff =       0.3732970864 ;
klqm11ff =    -0.002860357282 ;
klqd10ff =      -0.2883511793 ;
klqf9ff =       0.3774919602 ;
klqd8ff =      -0.6292201129 ;
klqf7ff =       0.5497886815 ;
klqd6ff =      -0.6024154281 ;
klqf5ff =       0.3759698623 ;
klqd4ff =      -0.2964636805 ;
klqf3ff =       0.5544242478 ;
klqd2bff =      -0.1996005823 ;
klqd2aff =      -0.2897721203 ;
klqf1ff =         0.74179209 ;
klqd0ff =       -1.363992019 ;