
kq1 =       0.5012188992 ;
kq2 =       -1.460941128 ;
bang =    1.643719428e-09 ;
bk1 =        2.336107023 ;