klsf6ff =        8.281673852 ;
klsf5ff =      -0.1807512418 ;
klsd4ff =        14.57485098 ;
klsf1ff =       -2.428056413 ;
klsd0ff =        4.302726833 ;